1.000000000000000000e+00 1.000000000000000056e-01 8.000000000000000000e+00 -8.020012533456725379e+00 -8.020012529203485840e+00 -4.386338703500866743e+00
1.000000000000000000e+00 2.000000000000000111e-01 8.000000000000000000e+00 -8.080202559091379300e+00 -8.080201504554864300e+00 -4.804966537772985546e+00
1.000000000000000000e+00 2.999999999999999889e-01 8.000000000000000000e+00 -8.181049336927316062e+00 -8.181022901206960185e+00 -5.253463900125597164e+00
1.000000000000000000e+00 4.000000000000000222e-01 8.000000000000000000e+00 -8.323464454455885786e+00 -8.323208867938072686e+00 -5.728403379040610588e+00
1.000000000000000000e+00 5.000000000000000000e-01 8.000000000000000000e+00 -8.509082235060015265e+00 -8.507626387587423622e+00 -6.224803906950080901e+00
1.000000000000000000e+00 5.999999999999999778e-01 8.000000000000000000e+00 -8.740834454275102416e+00 -8.734949481208499122e+00 -6.735463422124277066e+00
1.000000000000000000e+00 6.999999999999999556e-01 8.000000000000000000e+00 -9.023734141378277229e+00 -9.005167188334308292e+00 -7.250291593045618654e+00
1.000000000000000000e+00 8.000000000000000444e-01 8.000000000000000000e+00 -9.365204456398933175e+00 -9.317101472571515330e+00 -7.756265685603479731e+00
1.000000000000000000e+00 9.000000000000000222e-01 8.000000000000000000e+00 -9.773287658005113343e+00 -9.668190420780002015e+00 -8.239576647357539585e+00
1.000000000000000000e+00 1.000000000000000000e+00 8.000000000000000000e+00 -1.025166179094753005e+01 -1.005467898415098205e+01 -8.690939214470144947e+00
1.000000000000000000e+00 1.100000000000000089e+00 8.000000000000000000e+00 -1.079526767236285778e+01 -1.047211924213659273e+01 -9.110203739175540605e+00
1.000000000000000000e+00 1.199999999999999956e+00 8.000000000000000000e+00 -1.139219965147225189e+01 -1.091593450887308236e+01 -9.592050840358471220e+00
1.000000000000000000e+00 1.300000000000000044e+00 8.000000000000000000e+00 -1.202940120961604009e+01 -1.138184728636949039e+01 -1.013628789250098983e+01
1.000000000000000000e+00 1.399999999999999911e+00 8.000000000000000000e+00 -1.269622511605394699e+01 -1.186610783582048789e+01 -1.068610681285724873e+01
1.000000000000000000e+00 1.500000000000000000e+00 8.000000000000000000e+00 -1.338500523313339663e+01 -1.236555982590539493e+01 -1.124077310113981731e+01
1.000000000000000000e+00 1.600000000000000089e+00 8.000000000000000000e+00 -1.409042043969198765e+01 -1.287760897398540294e+01 -1.179966402276805937e+01
1.000000000000000000e+00 1.699999999999999956e+00 8.000000000000000000e+00 -1.480875868745295421e+01 -1.340014893989852496e+01 -1.236225071080278148e+01
1.000000000000000000e+00 1.800000000000000044e+00 8.000000000000000000e+00 -1.553737340771282405e+01 -1.393147731214053486e+01 -1.292808292203402054e+01
1.000000000000000000e+00 1.899999999999999911e+00 8.000000000000000000e+00 -1.627432714590196028e+01 -1.447021756733580666e+01 -1.349677621667185257e+01
1.000000000000000000e+00 2.000000000000000000e+00 8.000000000000000000e+00 -1.701816447021092671e+01 -1.501525277516971535e+01 -1.406800125877769325e+01
