5.000000000000000278e-02 6.000000000000000000e+00 -5.703948057267236749e+00 -3.903948046999814903e+00 -3.851922129366220027e+00
1.000000000000000056e-01 6.000000000000000000e+00 -5.416679981351663287e+00 -3.816679151690445693e+00 -3.707878402784321015e+00
1.499999999999999944e-01 6.000000000000000000e+00 -5.139790013442886440e+00 -3.739777533601381876e+00 -3.568154169193940461e+00
2.000000000000000111e-01 6.000000000000000000e+00 -4.875344527408972617e+00 -3.675250788086832365e+00 -3.433030277958860399e+00
2.500000000000000000e-01 6.000000000000000000e+00 -4.626135032488029708e+00 -3.625651293193714153e+00 -3.302775637666868214e+00
2.999999999999999889e-01 6.000000000000000000e+00 -4.396165975019989958e+00 -3.594191389474307385e+00 -3.177638883436941786e+00
3.499999999999999778e-01 6.000000000000000000e+00 -4.191632853590178343e+00 -3.584782350048404176e+00 -3.057839583012423645e+00
4.000000000000000222e-01 6.000000000000000000e+00 -4.022778569256965753e+00 -3.601860101823708860e+00 -2.943559577313843878e+00
4.500000000000000111e-01 6.000000000000000000e+00 -3.906324244222605380e+00 -3.649824313735729575e+00 -2.834935156703024095e+00
5.000000000000000000e-01 6.000000000000000000e+00 -3.863703305150672840e+00 -3.732050807560567840e+00 -2.828427124495195510e+00
5.500000000000000444e-01 6.000000000000000000e+00 -3.906324244222909137e+00 -3.849824313770953133e+00 -2.801299899699424056e+00
5.999999999999999778e-01 6.000000000000000000e+00 -4.022778569259379822e+00 -4.001860101820023274e+00 -2.730909806921038463e+00
6.500000000000000222e-01 6.000000000000000000e+00 -4.191632853642211387e+00 -4.184782350081121649e+00 -2.637498026597433487e+00
6.999999999999999556e-01 6.000000000000000000e+00 -4.396165975027505723e+00 -4.394191389520356594e+00 -2.535975316208104235e+00
7.500000000000000000e-01 6.000000000000000000e+00 -4.626135032479394837e+00 -4.625651293261332953e+00 -2.434366892829592288e+00
8.000000000000000444e-01 6.000000000000000000e+00 -4.875344527423012053e+00 -4.875250788130076174e+00 -2.336456988788925937e+00
8.499999999999999778e-01 6.000000000000000000e+00 -5.139790013428600091e+00 -5.139777533776522134e+00 -2.243824482900975248e+00
9.000000000000000222e-01 6.000000000000000000e+00 -5.416679981367912511e+00 -5.416679151896691025e+00 -2.156948882228379993e+00
9.499999999999999556e-01 6.000000000000000000e+00 -5.703948057257258952e+00 -5.703948047339439498e+00 -2.075774771945562147e+00
