5.000000000000000278e-02 4.000000000000000000e+00 -3.802634310619963376e+00 -2.002629758889566958e+00 -1.899999999994810729e+00
1.000000000000000056e-01 4.000000000000000000e+00 -3.611162390158473734e+00 -2.011077027525030037e+00 -1.799999999989295940e+00
1.499999999999999944e-01 4.000000000000000000e+00 -3.426777216100322931e+00 -2.026267650137714593e+00 -1.699999999973865306e+00
2.000000000000000111e-01 4.000000000000000000e+00 -3.251152142454485805e+00 -2.049242250171998680e+00 -1.599999999975999287e+00
2.500000000000000000e-01 4.000000000000000000e+00 -3.086696060311292733e+00 -2.081138829994409800e+00 -1.499999999908741222e+00
2.999999999999999889e-01 4.000000000000000000e+00 -2.936932751373486195e+00 -2.123154621168970912e+00 -1.399999999971816234e+00
3.499999999999999778e-01 4.000000000000000000e+00 -2.806992065450769847e+00 -2.176482306018262314e+00 -1.299999999906143344e+00
4.000000000000000222e-01 4.000000000000000000e+00 -2.704003420194005525e+00 -2.242220510186295090e+00 -1.199999999979158627e+00
4.500000000000000111e-01 4.000000000000000000e+00 -2.636698942407907698e+00 -2.321267040355747824e+00 -1.099999999826893005e+00
5.000000000000000000e-01 4.000000000000000000e+00 -2.613125929646821000e+00 -2.414213562370753241e+00 -1.082392200157928475e+00
5.500000000000000444e-01 4.000000000000000000e+00 -2.636698942294733783e+00 -2.521267040377053625e+00 -1.061988082285216350e+00
5.999999999999999778e-01 4.000000000000000000e+00 -2.704003420152423232e+00 -2.642220510174639880e+00 -1.004174040357628694e+00
6.500000000000000222e-01 4.000000000000000000e+00 -2.806992065362052813e+00 -2.776482306048811299e+00 -9.169490413448133648e-01
6.999999999999999556e-01 4.000000000000000000e+00 -2.936932751265310504e+00 -2.923154621150830135e+00 -8.089660151883054651e-01
7.500000000000000000e-01 4.000000000000000000e+00 -3.086696060135963204e+00 -3.081138830182381660e+00 -6.872462666011758259e-01
8.000000000000000444e-01 4.000000000000000000e+00 -3.251152142439379666e+00 -3.249242250252282194e+00 -5.567851888781799596e-01
8.499999999999999778e-01 4.000000000000000000e+00 -3.426777215342831528e+00 -3.426267650765345785e+00 -4.209488224262862288e-01
9.000000000000000222e-01 4.000000000000000000e+00 -3.611162389739482226e+00 -3.611077027873526912e+00 -2.819684230799984759e-01
9.499999999999999556e-01 4.000000000000000000e+00 -3.802634310356644676e+00 -3.802629759360971029e+00 -1.413233852419104319e-01
